-1.0800281471545592		[27]
[-22.563150575873397, -19.18093756787075]		[27]
[-19.18093756787075, -18.281909602909675]		[27]
[-18.281909602909675, -18.25977526558841]		[27]
[-18.25977526558841, -15.770212262921193]		[27]
[-15.770212262921193, -15.556728944664394]		[27]
[-15.556728944664394, -14.85795935940425]		[27]
[-14.85795935940425, -6.840845888279107]		[27]
[-6.840845888279107, -6.741495846942236]		[27]
[-6.470311532600817, -5.8694328254278165]		[95]
[-5.8694328254278165, -5.73775102263964]		[95]
[-3.1103091226152566, -2.9222480663299235]		[53]
[-2.9222480663299235, -2.6260885479049687]		[53]
[-2.6260885479049687, -2.5094304154469422]		[53]
[-2.5094304154469422, -2.3777486126577916]		[53]
[-2.3248046386045385, -2.221726884748807]		[23]
[-2.221726884748807, -2.208331707626551]		[23]
[-2.208331707626551, -2.0834626830326095]		[23]
[-2.0834626830326095, -1.8884371976709022]		[23]
[-1.8884371976709022, -1.7239259314441062]		[23]
[-1.7239259314441062, -1.7192025290261592]		[23]
[-1.7192025290261592, -1.697649118619658]		[2]
[-1.697649118619658, -1.5659673158308924]		[2]
[-1.0806624716675606, -1.0793323524474752]		[27]
[-1.0793323524474752, -1.0732628705568885]		[27]
[0.4994235702839323, 0.65866760915855]		[83]
[0.65866760915855, 1.0588671964130139]		[83]
[1.0588671964130139, 1.1003022774562004]		[83]
[1.1003022774562004, 1.2319840802430855]		[83]
[2.778241024999561, 2.9656352348697417]		[98]
[2.9656352348697417, 3.3791197321620214]		[98]
[3.3791197321620214, 3.51080153494895]		[98]
[5.118955509245166, 5.244452689575576]		[60]
[5.244452689575576, 5.719834216415145]		[60]
[5.719834216415145, 5.8515160192044124]		[60]
[11.704156938594409, 11.767075448556833]		[31]
[11.767075448556833, 12.305035645759263]		[31]
[12.305035645759263, 12.436717448547695]		[31]
[13.173618844745656, 13.77449755190972]		[90]
[13.77449755190972, 13.906179354697459]		[90]
[19.649129890295193, 19.827772271552426]		[15]
[19.827772271552426, 20.165996113288184]		[27]
