0.8346819847088042
0.22888411006880124
0.49196559142183965
0.30577949718155417
0.2782283621442875
0.18384098966044626
0.9246840511537245
0.7230873447925932
0.09864771554021913
0.2475615591407554
0.05374753094885578
0.2219682558858224
0.8302586191602859
0.17274420052299955
0.12312947786766726
0.6419701669109559
0.5020071281344531
0.26487451488037267
0.2792247044080455
0.7353400254326778
0.010093131626078833
0.6449428189576485
0.7163026376150614
0.19376574460683782
0.5415541059295323
0.3117443090244856
0.47471969806359593
0.6594984386498468
0.18378618259011473
0.46229197088783375
0.6539387874447732
0.4493047127037715
0.42191931295833784
0.38748217061749646
0.6240036730380618
0.08375945458439471
0.5496849634596161
0.2588057197781519
0.7053554423438083
0.07142769207782984
0.7118218482208725
0.750958939723823
0.09523859749972709
0.49599051847528575
0.45483246291067736
0.9226887208441648
0.09230774143007399
0.001959254732416748
0.2252209823731807
0.39580957123188987
0.06892993885436886
0.3248378967581116
0.819836305666898
0.5782776474484269
0.32218185825965684
0.4089139437274698
0.8294271227542875
0.4191114108019884
0.42389522728609874
0.03791983164447399
0.16230197649972888
0.8320565718110382
0.9403429552765576
0.8851538680331819
0.8482906614425267
0.7190747726987083
0.36010770007649096
0.09848287198147343
0.9296568621255095
0.09001306922698515
0.8933389826477734
0.630798046653107
0.5255378809591931
0.6271661683193839
0.1324386254467757
0.42093345577466956
0.41475795365390944
0.4327742554206245
0.9475122336328069
0.38036413755968046
0.4713269650321788
0.869050412344857
0.058284097241637335
0.8292438952255687
0.0024714533864069414
0.6889042684731477
0.10631855214857877
0.8945740032709519
0.8735013541739372
0.7868215252605296
0.5311826954059593
0.06039709726727095
0.6297101295497611
0.5156455359074801
0.551510668561886
0.7920083099319287
0.3004877516078397
0.5124373891811369
0.7062709090942112
0.9650926319481352
0.45370449962850046
0.9920227179050813
0.022102849259549195
0.8712067509977595
0.690743618935582
0.6346867254413335
0.681139242258346
0.29862787934159774
0.4821978373151703
0.8164197712831871
0.24057079153496475
0.6901230259142421
0.8900433074735948
0.814055911141371
0.975555738198717
0.7261360123114731
0.4905969243674741
0.14577849026374468
0.829326179425455
0.8548356964139574
0.014546034006114008
0.6754587988331752
0.8563342314676109
0.10499721505713389
0.5552639683351328
0.7601843293367765
0.8798316516819356
0.9647687844034523
0.5146912352368732
0.4894705627052174
0.5507973359039746
0.592296727189762
0.6333322188765619
0.5068858844091249
0.6838612182998267
0.28311996362519115
0.08109697714620505
0.623030602896316
0.5492584813997083
0.21858952332931483
0.6664176376690432
0.419818701717814
0.24055851826074656
0.8659135726028506
0.9347266181451284
0.24924790766719143
0.9546969443967727
0.30591301614116784
0.29925316056273704
0.49303335674686455
0.8085530355804207
0.7735732294864219
0.7306739752994718
0.19601195067047994
0.07965676390133823
0.4349779424336987
0.1777202344196979
0.030024510753721263
0.33733291333467874
0.8378243041840272
0.5097365533866082
0.552838352319573
0.21207158461949957
0.7617580268551065
0.6781296895094298
0.7046794636382356
0.9968959529614975
0.5828923391435994
0.24205911375191302
0.7059774231052809
0.43275516313592904
0.5486930640841945
0.7725148095736846
0.9653078131170616
0.4437223892373882
0.4792206632003783
0.2880242700263902
0.9096209868388081
0.46497294892264884
0.046634699115339635
0.5724646779582887
0.7220961604283451
0.6568918222199266
0.47828434941916975
0.6315019812852821
0.631563849021797
0.6340388338459472
0.3411373180535795
0.37015437083280495
0.06468099898066271
0.539149655208512
0.40812476217093724
0.3626559178553155
0.9675449015351125
0.3712111094927788
0.6613844773927101
0.8011176703800027
0.562146226662321
0.1907864253547711
0.05008089206364996
0.9108515168563056
0.5198459768761665
0.2009557743676058
0.9795027924155743
0.3253799849847532
0.13326387807160908
0.6258650107889794
0.25535815616117463
0.0474801889505998
0.478757830027575
0.5282493612778711
0.9536102378730837
0.1901688412403828
0.08384184388199255
0.6395027937573693
0.9957111483042078
0.45090909373036614
0.3324416854029668
0.017157256167884438
0.4294659339409326
0.45074109605217116
0.7633926199220287
0.06606746475522307
0.5860416223746205
0.1561360202866008
0.06292265659778962
0.12875575273218098
0.33421583561538615
0.4686057735128313
0.6376576676536485
0.28246085037766683
0.8779449118911993
0.3051683903591387
0.6917117222443949
0.6504525733892068
0.6387606714819549
0.5687005050599874
0.8511104487874774
0.4463678437202642
0.05108226668254337
0.9604100768903634
0.9158436300914713
0.6651507049000246
0.6981809568168269
0.5067907840124561
0.18427581165427293
0.7086937180174555
0.8080849898158664
0.10004587035957968
0.1774509230571748
0.11650892396618606
0.8471925349307043
0.6225761836539334
0.9064439797457357
0.6966358124121512
0.563523138664434
0.7013369791080757
0.8772568864833801
0.9320471300244841
0.16032294977270178
0.9177221832751729
0.1554389602753008
0.8490292086497767
0.5201720589637973
0.8519673656532909
0.03190219575756403
0.0641535571526486
0.7710678639544346
0.5581407340863342
0.4783147303839854
0.38729635325590883
0.16968417354177845
0.21860643640763966
0.05430074624852543
0.21033680970136973
0.07902106162846373
0.3298168108493661
0.705722371894232
0.34217971562637417
0.12636657808214657
0.6835376450198936
0.11353937032562095
0.7173908993162524
0.21846896192651347
0.9334738683356034
0.003892263843959189
0.16730596251232782
0.735707642699011
0.662963071451421
0.935985593762998
0.18817399920659583
0.6239703044005391
0.5364366183056424
0.8396571494020895
0.26011797519197666
0.27157135521437514
0.6091818882448125
0.11766928906287077
0.9526903112138769
0.5894856510951882
0.09766021395833316
0.8703576998352816
0.6223362050129888
0.0723475980657254
0.533055513701155
0.3210594714238306
0.4505758386646839
0.05380740297892306
0.014745583892675659
0.08675156294242226
0.016258242597806616
0.15044452171014003
0.9151544828341855
0.07006552732649035
0.4462902341193944
0.2125287173657895
0.16022168514930057
0.8200895101322643
0.41381121231297713
0.6154828527778462
0.3885846157650815
0.9153461497633066
0.5621850598303272
0.18362939312780813
0.9524069377460798
0.055734581379090826
0.4811483828331737
0.32996581535407055
0.7978328764158147
0.885027625797661
0.8160456003914802
0.41446494843024806
0.5844487799675278
0.44529167202779024
0.872407983964781
0.6893209924270998
0.4093436419800105
0.14560010813179375
0.9759422646277338
0.04780669043737018
0.4424226396932282
0.45612604045196786
0.07648734845562943
0.28413314222908803
0.4521943262037742
0.5184250353542743
0.35371001584926326
0.8745881115201009
0.6588394806998492
0.5847947767815115
0.3536196285725849
0.9501930226243264
0.06625588147603145
0.45440969956174226
0.27090829112367
0.9315838902152119
0.4834720460707721
0.27651343987883625
0.8948718584730115
0.731800037431988
0.5394588285840747
0.5420107202034817
0.6494908684146461
0.8446707334357935
0.4883134172985972
0.9123198079940268
0.5589977212712403
0.853109640244196
0.726244338204175
0.20687886152821444
0.4666120334604451
0.2763071472342774
0.5712343625781733
0.9882004556854997
0.5453700412615554
0.17615230894473027
0.7600846043691762
0.7319547079926774
0.6565396750258856
0.2026211012610477
0.7683797641010582
0.2345522169141239
0.7603728880751444
0.5765682824987571
0.43529484403479324
0.1046522631301685
0.5890678571069855
0.5496904531270199
0.437502214258334
0.26875775844711175
0.5831805211946766
0.1403776844903951
0.6518552139946555
0.9274675016810829
0.8633422308109984
0.4713434846423737
0.944024902296527
0.3927941522312559
0.05889285460681459
0.2039204207456288
0.027052941243260298
0.06102932284133544
0.022324575171500043
0.8999935509008976
0.3672994154832856
0.09298871145408454
0.3100188580028512
0.33566162630421137
0.8437234474528849
0.31900929409818946
0.014826444244239179
0.2662342158074553
0.6858969733373379
0.382195426252555
0.950288923662375
0.21967399994504477
0.3373923918909898
0.05383262837165548
0.985576131829285
0.5565057548842955
0.6286408990754637
0.9788669938631929
0.5261556663007256
0.09218323456971446
0.5706291022698953
0.04077827393301603
0.1883566675266881
0.4043911859048146
0.6205548710734593
0.7360519451503642
0.9768730584111422
0.8262778832843733
0.9640313228122632
0.060078367522724635
0.8967602818335006
0.2389401201523133
0.8420847362840216
0.028794357054076198
0.8683469874110188
0.651442779844991
0.732122745800876
0.9606081702003177
0.17441664839714988
0.23006503966272604
0.44669985843375143
0.2775616448458329
0.20457698843049732
0.24031967279767708
0.2781977333373997
0.518946503873607
0.7813685795162169
0.008306393325328421
0.7463389075771881
0.9279380075692454
0.28715864430848814
0.01259248405634561
0.285117738960059
0.3858430523121883
0.7713922148771908
0.11936282439819546
0.5020235984471425
0.5293564646885323
0.07871474593482021
0.923528713780831
0.19552406723101753
0.39087664352811674
0.9242580550956421
0.49505139900621353
0.9900033425956847
0.5819039669715422
0.11865695403689269
0.07082851725174932
0.9341611612564074
0.23415190936228014
0.22102638210452358
0.7877514306614974
0.2855985344032492
0.9309732048638435
0.16402262149639446
0.48986621231757055
0.7084698868221229
0.730479509056952
0.06777334342670271
0.9724471016580417
0.2464063648632519
0.9530348485455368
0.17815163159743785
0.025750040081752523
0.5650000124549116
0.39611093890969173
0.9075916498153644
0.1586971572950273
0.44831266329609604
0.9692330663841846
0.6410485373829969
0.09562436684527542
0.8973630279762941
0.8254151239410813
0.4489030685595976
0.4192831432004145
0.5189720514317281
0.7318138606449873
0.055318086105868414
0.971965540256956
0.145215388603789
0.3548978231330707
0.4551389890169125
0.7918946795612434
0.6706281731455224
0.5041968312445746
0.7014862841970784
0.47346199802653544
0.9943296098220322
0.3705910382062341
0.5922559310713633
0.3355529384653636
0.7680656559986367
0.6938544672459698
0.5210247468022726
0.7864511285365101
0.7607602492868677
0.8547865789210946
0.9932869691725952
0.26825833758126705
0.09163723928699843
0.7326075723902639
0.037070189161533706
0.8630250710174783
0.08486407456522257
0.5568118942657618
0.0027149549707536913
0.6294443787204014
0.679592287746017
0.4296234472994416
0.9706589257624507
0.20541162042588068
0.6002634472387568
0.08520018706544631
0.09206202459008236
0.8005326761173096
0.7485866590738005
0.39938301726359193
0.11932284947400262
0.0990346482145319
0.27098525316294414
0.4227462435226359
0.3320151467513559
0.7255457202449802
0.6762579238272166
0.6958428084050367
0.5466645106696539
0.6377465218675493
0.8310026097347483
0.11261584314942574
0.9328076221511208
0.9150816727056998
0.3365175102916558
0.46701364799042855
0.2365338021253722
0.4251639903811701
0.91128799757043
0.8554264266741483
0.9318228477570663
0.44481384220720654
0.4223725144273319
0.8315817496286089
0.11117058598860462
0.9316925773386282
0.6230798351065474
0.6275603387198991
0.6033511780306136
0.5639844335953139
0.142746032922718
0.7430766591457003
0.3589540572311973
0.2900536545443926
0.006247524759389611
0.8560292549941746
0.759782366347797
0.9597766191752981
0.8090022851659661
0.6608830271621159
0.10764281914002818
0.33729090543901874
0.42555274807022725
0.05298188339173948
0.39715829991370766
0.5848850494937601
0.07950761436132323
0.028118848601205393
0.2744301269449523
0.5681460476348669
0.0779963375299797
0.9306565966964832
0.5226906886825169
0.9696344147167559
0.6512549459350205
0.5848506005199797
0.7310691038018003
0.955765799709156
0.11394719862520075
0.5554128036770695
0.7329480165226727
0.5151786333198178
0.31832976392442114
0.746173328036176
0.48947579880751846
0.9183272444866791
0.5477112839618428
0.3882659874658664
0.7866191669338449
0.3407808708936768
0.30489831397991063
0.5737433637719926
0.29168622710460523
0.1569621055843552
0.5304684625127523
0.7751154255122346
0.04457231815038809
0.004579974437775469
0.28808912490886085
0.6956423217298113
0.8409579845022817
0.3838777383276994
0.8374683640874889
0.15513116244438235
0.04976770290947216
0.3480985662135492
0.582768521021789
0.07524110017977215
0.15213622741128385
0.08482597134558767
0.6064422589997722
0.39691543352198133
0.5539060390231854
0.4973533540049392
0.947132120228187
0.8132402024103799
0.12969658719098823
0.019205139453663644
0.468412396134559
0.3653861247454302
0.4301146104326691
0.6858334955989742
0.40731573326547355
0.33962682345385486
0.2114872164144197
0.16309124063434122
0.5550401214841065
0.7454667010032899
0.39934891950919194
0.08750352496340574
0.3269004517964442
0.009932634230705562
0.473244218439908
0.6220653785490364
0.8899464260573737
0.761539811755688
0.27563134680005286
0.9097093282879796
0.9799382251703823
0.5244491130809353
0.3045418040912261
0.5541047761198685
0.3577812574853086
0.7168822050696998
0.4176961821177978
0.6028486574254496
0.5377752289050866
0.8209465279678558
0.9658369242833318
0.28823462478618245
0.05879278522266136
0.37095046929737974
0.03381741803889357
0.06988211221457265
0.7000310958222319
0.5875785481318622
0.8540415033463301
0.4583662088662761
0.5727242613819282
0.17516390230414297
0.13489712506389046
0.8870086236098693
0.12832408730945438
0.6754668965575035
0.49496146570925825
0.22530269831783498
0.5451098532866927
0.9528809802082506
0.6305836728013041
0.018539829689527165
0.6773835934708252
0.03909890653914889
0.2882513173566044
0.5153250259809496
0.7298053680871002
0.17446765595359393
0.08432179533531037
0.25492057578198635
0.3206668496042021
0.007420301616041458
0.9294183412263621
0.44503079778421206
0.9918051333133568
0.8913200451795149
0.22055803694514098
0.6174735558918232
0.6093515060838632
0.5774919020902936
0.7553446937935561
0.9734741762601694
0.16406089202951346
0.3446314909522953
0.44902522872051853
0.4841498217136916
0.7920501675398652
0.5415358602965278
0.9420800019082145
0.12914990386396497
0.7950832915778059
0.47397806801613807
0.2915439596647006
0.3194391140628259
0.4820563263064743
0.9608958130216919
0.8470938763018929
0.17007244757030088
0.6664843635367976
0.3385717873370344
0.38377720508131663
0.08098167757657765
0.25028581847321285
0.33784081639335173
0.8636190503057124
0.27993222240370197
0.4924902045153987
0.9716597880639235
0.6244865092333187
0.11523409975176818
0.11441488772760268
0.2816833790389812
0.6728556725147103
0.343180274185832
0.6360999821125166
0.24925549769058417
0.3215641763119535
0.0731975540539666
0.33638127447711175
0.8467240738916357
0.4012095589147755
0.4210277800154436
